189 171
0 156
1 23
189 183
189 60
189 180
189 130
189 78
189 86
189 45
171 172
171 133
171 62
166 15
166 170
166 143
166 185
166 80
166 99
183 83
183 37
183 7
183 77
83 180
83 56
83 117
83 28
83 10
105 30
105 8
30 53
30 62
30 139
30 142
11 127
11 113
11 12
11 99
127 104
127 88
37 13
37 75
37 182
37 44
37 88
37 175
130 28
130 23
130 32
130 178
28 55
28 198
28 140
28 186
28 154
28 113
28 187
92 129
92 40
92 82
92 8
129 165
44 185
44 96
185 140
185 108
185 56
185 152
168 81
168 20
168 8
168 188
81 122
81 102
81 69
81 80
81 150
81 79
81 190
81 36
45 172
45 39
45 101
45 163
45 167
45 86
172 75
172 70
7 68
7 32
7 123
7 73
7 110
7 56
7 33
60 104
60 70
104 175
104 169
104 6
104 187
104 73
104 139
104 132
38 63
38 131
38 61
38 87
63 151
17 55
17 2
17 181
17 155
55 65
55 163
55 167
55 26
157 80
157 16
157 122
80 153
80 2
80 78
80 176
80 41
194 179
194 161
194 6
194 33
179 161
179 175
122 131
122 186
75 153
75 13
75 84
75 120
39 52
39 115
39 25
39 57
39 184
91 98
91 128
91 13
91 22
98 62
98 126
62 47
62 64
47 36
47 195
47 117
175 24
175 186
120 103
120 42
120 88
120 195
120 97
120 167
103 156
113 76
113 31
113 52
113 135
76 137
76 145
40 165
165 117
165 100
165 153
165 143
180 133
180 102
180 49
180 191
180 8
5 6
5 8
6 169
117 2
117 181
117 163
117 112
74 4
74 87
4 61
4 161
101 16
101 116
101 156
101 144
125 193
125 182
125 199
125 52
193 154
193 13
163 195
163 106
57 94
57 173
57 126
57 199
57 110
57 182
94 77
29 124
29 18
153 58
153 41
153 151
133 22
22 102
22 195
22 78
22 128
46 77
46 199
46 85
46 178
46 95
46 34
46 97
77 25
77 174
195 191
195 8
195 69
195 79
195 161
191 198
191 167
191 64
191 9
191 34
191 88
53 123
53 73
53 197
53 87
13 108
21 170
21 78
21 27
21 136
170 137
51 186
51 162
51 132
51 134
51 64
186 20
8 24
161 161
161 54
161 100
199 109
199 177
199 112
199 64
123 69
137 139
137 85
108 139
108 69
139 114
139 184
42 156
42 61
42 190
42 136
42 90
42 12
42 52
156 114
156 48
156 33
141 64
141 111
141 126
64 150
64 70
169 190
169 59
169 178
52 52
52 68
31 187
187 27
187 181
187 110
128 196
114 97
114 181
114 3
198 190
198 54
70 96
56 58
197 145
197 148
197 71
197 200
145 196
143 178
143 48
178 196
178 135
178 87
178 184
184 90
131 174
34 89
34 174
89 48
89 173
89 85
65 84
61 85
181 32
32 159
107 59
107 147
59 140
59 136
59 147
72 136
110 148
110 19
110 87
148 26
35 159
35 190
159 134
18 140
18 134
18 112
140 135
140 164
84 50
84 54
84 88
95 79
150 111
16 69
173 49
173 100
173 71
67 190
67 58
67 149
102 182
102 126
135 135
135 162
135 200
135 154
167 97
167 115
58 78
58 112
58 49
85 154
100 192
100 118
69 27
69 138
182 66
82 121
82 151
49 154
49 158
49 12
43 3
43 14
152 126
27 119
36 176
36 10
48 160
149 111
138 12
86 87
87 14
71 146
174 19
96 200
96 14
142 192
142 188
142 146
142 66
164 160
192 19
19 93
106 93
