173 159
145 179
47 141
145 4
58 151
140 186
33 27
107 103
54 136
91 88
2 158
10 73
186 190
16 47
143 103
148 26
33 60
161 153
191 52
65 94
162 43
143 130
68 129
58 125
122 199
170 193
128 126
162 165
91 139
167 14
129 93
126 66
107 21
182 52
32 150
20 161
10 161
121 54
194 186
50 114
59 55
4 21
120 130
158 77
197 42
23 53
10 44
141 198
42 193
112 33
102 1
178 97
97 27
151 172
3 183
198 98
77 83
136 98
118 87
104 118
122 91
188 18
27 4
161 173
48 23
1 125
56 154
32 71
35 184
49 21
174 153
52 133
92 46
68 67
127 9
167 126
186 118
44 142
45 165
123 56
155 73
122 179
140 11
60 112
73 80
6 157
67 171
155 160
119 182
145 74
15 132
192 41
171 180
152 15
155 195
33 173
122 138
198 90
109 180
190 117
115 198
171 33
64 86
92 5
76 42
62 141
69 116
51 114
76 150
164 150
45 66
39 80
70 168
5 15
47 34
57 7
171 52
181 93
80 34
197 53
12 10
76 90
6 157
174 63
164 177
12 44
59 158
116 194
119 48
41 82
167 36
112 37
107 185
58 50
21 146
24 91
184 107
152 138
156 57
6 99
3 9
31 139
133 70
154 156
174 18
110 187
40 169
119 91
116 103
130 51
65 42
105 7
167 176
185 180
197 41
123 109
150 41
44 169
176 181
154 150
133 23
71 141
61 12
25 132
62 108
194 79
136 163
55 12
55 37
131 191
47 32
108 181
97 197
70 37
149 160
58 85
165 101
199 79
171 99
155 136
169 143
168 190
32 16
168 13
47 33
3 5
145 14
11 138
66 23
56 93
93 100
26 66
169 3
153 168
191 153
135 113
66 91
194 127
110 56
105 39
171 156
72 146
137 127
187 120
84 103
97 67
81 78
7 151
5 162
116 175
147 4
124 199
90 143
67 144
20 103
98 148
141 66
165 49
70 122
26 170
79 57
19 58
53 182
23 169
10 135
58 56
173 135
161 187
41 152
200 75
22 10
138 167
189 158
138 177
59 91
58 153
134 153
40 52
11 24
50 16
13 46
145 9
82 139
25 60
29 36
114 35
122 4
82 49
49 85
115 160
196 188
23 122
71 98
193 101
48 102
29 105
9 175
25 68
136 45
12 80
88 9
116 45
72 125
119 148
11 52
172 85
83 10
35 66
120 77
146 18
141 26
126 84
62 15
52 184
25 178
200 52
97 121
89 65
155 158
148 191
68 184
173 23
143 98
31 47
16 13
54 95
85 198
112 39
36 154
171 171
18 49
91 164
79 96
179 126
70 81
29 46
185 187
107 55
110 171
93 121
11 134
30 125
8 11
145 187
162 63
192 3
18 194
110 148
191 173
154 145
150 76
97 47
8 91
112 29
37 110
104 95
32 80
66 54
125 12
73 70
132 91
87 135
185 97
118 122
98 155
85 126
52 64
9 37
92 28
152 125
160 51
123 86
145 178
176 183
159 27
77 60
186 110
62 66
75 59
120 134
180 180
19 189
123 49
8 139
134 121
62 20
170 106
57 73
186 96
140 189
25 6
185 139
136 194
31 78
71 165
165 84
173 112
141 108
6 35
167 2
115 136
148 142
88 38
84 46
160 153
18 75
109 13
143 126
80 86
69 92
143 84
54 36
67 149
192 141
74 37
99 23
124 200
122 43
160 193
12 174
95 149
112 13
142 14
35 83
186 171
165 169
189 49
195 26
162 31
82 10
144 162
180 51
165 74
197 163
130 145
60 70
3 37
167 110
28 37
31 196
